-78290
8949
-69901
2063
57162
-84206
23179
-23821
98441
-14594
68337
-47489
55322
-47944
43456
93077
-73851
-99892
48822
-78299
-48576
828
-15941
44777
-59061
35667
-72335
-70121
-53411
42584
-61062
-66990
27355
-90906
68641
-76393
30605
42827
39184
-45807
-6378
-23781
-36093
-39759
73729
-96876
-72328
-62604
42808
-43972
-88911
17519
69262
41889
7589
59050
47899
-43985
47738
-91561
-3726
87270
10129
44642
-7810
38228
5357
-31108
-41566
-29132
-48610
-91325
-10947
85245
90714
30327
62302
14371
8332
-76214
91506
5844
-2554
-39901
-11055
-85117
18025
-35588
-94987
66739
-44572
-30350
-10646
-26612
9780
83056
20761
-14662
-27039
-68883
88742
94459
-62405
26059
-16061
24301
-81947
86460
52329
87636
-38887
69038
54602
72796
-7476
-89881
-69481
21439
89607
8024
-93819
-20534
-78848
18566
-77389
39347
-137
21693
57917
-60362
23210
-33929
42525
17778
-50814
91208
-92249
86446
80390
7903
-83300
-20614
-20077
24322
-67851
33404
-48450
26434
-81823
-95873
27667
10543
-95732
-4021
-52089
-35562
-46059
438
49595
61725
-30762
-76871
38672
-25952
24514
10816
75046
-84978
90761
92953
-56335
-30842
45178
33774
86363
-94197
-51139
17397
9872
-84835
3808
48832
-16035
-46198
-39133
-61578
91710
77098
77483
24883
-38323
-46858
-66293
-38986
91720
68727
5324
75244
46529
18045
83337
-81259
39081
62384
-41320
62027
38047
-39795
-29565
-41831
-9510
-58895
53153
-31449
99338
43876
-29067
-42655
87874
-63750
40214
-71793
-76709
85875
63108
-45387
-44022
-20753
-62852
3331
58944
-23817
13108
5044
-14019
-58202
-33876
-22880
-85111
-45623
-96593
73781
-30225
-71561
4265
95822
49332
-55896
62292
-58421
-11492
62314
84216
-6302
-15114
59163
-34323
60341
97996
13362
-89350
64831
90539
12428
-81222
-40892
-83307
-59006
-47122
-20305
-45480
317
54238
44148
-2755
2857
22301
95477
69704
-50113
-72937
-7688
-8791
-81263
-41881
49418
-35773
-84151
-2657
-51714
7938
-16334
-22985
79228
-92924
-88088
44525
97280
17516
96200
60842
80558
-99709
-84186
84600
13600
77734
47518
-25007
-92248
26161
-31680
-53325
-46266
-34042
-35938
-63258
-13508
-42120
-43572
27885
-28708
-42249
-95577
-51587
-36325
-75941
13321
-66766
74684
-33818
4858
-86400
-77537
-16528
-70525
67918
-60315
87567
88440
-76071
-25951
70659
-59203
27694
-19287
87776
-9002
-97631
46037
63464
79270
18778
21035
-6221
-469
-59555
-76379
-33496
68996
2397
-72464
-62436
-10526
86707
69297
-31557
-98040
38355
20204
-48175
97379
-13733
71828
-27094
66280
-23035
-20764
27627
-41034
-56345
13033
13137
66248
82779
-44526
-81865
-88669
-5354
-19000
56397
327
-4146
-95677
59334
67716
43386
79400
-75038
-92966
24866
39953
41663
24524
36943
-86863
-62960
-61076
1398
-14800
-63585
-4423
21690
-25201
89003
-6340
75281
-35746
-44869
5534
-44979
-5907
88064
-26581
22338
-18868
61900
7111
10818
-33031
62025
-44463
82189
-46772
-12898
70500
-85482
-29269
69307
-4552
60571
-22868
31181
-25412
-34395
52579
-43141
94141
96073
-18885
-39243
25303
23886
58676
-58725
-47112
54099
38049
-44121
6590
-59844
-54407
22471
-46294
46478
-41109
-17904
-32625
56104
-1181
40723
61007
33178
-24185
-49752
30026
90019
90079
2706
18587
29200
-59229
-86437
6
37152
61780
63766
36304
-34229
-69913
-39031
66330
-82134
-99219
94081
88034
77463
15511
50841
97649
30347
-28329
26112
60810
-43123
36386
-2469
16604
-84304
84152
-1964
35144
-2811
-56737
-64460
38792
34114
16701
54242
-12671
-6200
82998
74722
38066
53991
-67931
-57413
31766
-26598
71199
21095
52965
-25791
56351
-14600
86181
46874
56720
62734
-57559
97432
-33719
-87916
43239
-40426
8097
-4745
29402
97332
-50367
-40146
-79805
51388
59750
-23072
57461
-36292
-86650
3996
-47110
73255
-99341
-22440
29608
24381
94174
-12361
-93597
52372
94926
21077
-43243
43484
46462
88782
-69642
-81181
42296
-4096
-90464
57033
-98163
58025
90171
-95748
-21473
-7428
90922
-70334
-61251
-38593
-2308
74879
-80254
24337
31821
13211
-63560
13695
-46520
27586
-8276
-77165
-18461
18574
73712
-73189
85467
-96473
-31001
62572
-64720
-7416
20995
86574
-97100
80916
34080
30146
39029
53865
-33858
-35679
-73873
-97020
-22456
46123
-42293
82184
98958
69197
-6807
47169
-7540
-78254
-6444
54168
32982
-32188
39692
-62920
-77141
-8093
58411
-10418
-57385
85713
87578
86995
-32887
-33648
27447
-75732
-4874
-87903
-28509
-88757
86094
-75539
-98808
-55569
30007
-48637
-25122
-69042
63501
91346
-2683
22284
-83489
-51468
83252
85025
-97570
-8299
-53376
51799
44510
-21665
-24960
-18378
89470
54832
-30972
86848
-20719
-17700
52423
56767
56092
-75682
-5441
-27361
34185
2117
24301
65284
27530
95456
-71213
-16066
73905
-74397
58034
42008
89149
-59262
40592
94643
-7120
-23284
4503
77703
-65326
-67692
-85619
-24412
92986
67260
40970
-54290
-80844
72567
35735
36889
649
61001
44752
-47500
53833
66353
-87111
13603
70732
79952
13430
-42724
-89583
5347
-42688
-37264
53130
10216
-50701
27682
18083
50318
12542
94365
-13359
-33347
45737
-64469
63055
-3247
31189
-50474
97274
-42375
25019
59299
-71093
41563
58905
76246
-78114
-49542
-21769
-29878
74993
-4455
83527
-34107
-93667
83180
26782
88841
70078
31261
-99847
28254
-80131
-29940
-36046
-27519
-20909
-88263
-4174
98271
27256
96604
-30810
33205
99296
35025
-17547
70960
94330
-67902
-54048
16694
-88850
-90927
-42047
34950
98505
-42145
-18869
-93839
-43096
-17510
11651
-45861
-29681
-81505
40527
27273
-83258
70507
-89720
76749
-22531
-34765
-53987
39479
-20810
-15573
24830
-55960
-52873
97599
42670
85363
10891
-21118
37536
-86802
95970
57680
-82853
13224
6468
-91450
16158
35923
-24323
-17292
97903
-86531
-13405
-97840
99159
25534
42348
-15635
-71495
-12039
99975
92949
-3716
21574
308
-35305
52345
-63014
70237
34748
-23529
-97935
-79055
40157
-12895
-42477
-8914
48361
-82260
89903
61191
92036
30464
48970
-69737
51583
60472
-35770
-86529
-84781
7848
-94162
-18569
24019
72412
90852
24135
-80627
-51523
28812
85212
58562
83472
-84054
-55533
59415
24316
-77703
88016
-36701
91686
54016
88936
-47854
-22397
-14851
83641
96817
-42044
-92731
28297
84563
-3760
32151
-11586
22462
-95416
-92878
-29213
61165
64377
60340
-73707
-49810
-36221
-54604
-67624
39675
-38346
61391
-22351
-49800
-19444
-42601
67840
-32443
-21817
-58695
17415
2798
10554
8926
40392
-51839
-4772
-81574
-92089
24593
98802
-10459
-41074
425
16438
8412
20747
269
56099
-20511
78170
-82165
-20052
-68897
3972
-27936
-86530
-55492
-10205
61746
16612
17278
-4956
-77133
23444
1271
-6935
24519
-66524
-25277
32010
-32585
-83968
63881
66208
84582
-73365
-17408
33546
58205
73160
-37132
67114
-38141
-14224
